%YAML:1.0
projection_matrix: !!opencv-matrix
  rows: 3
  cols: 4
  dt: d
  data: [3.813624668811356e+02, 0.000000000000e+00, 3.205000000000000e+02, -1.572940249072810e+02, 0.000000000000e+00, 3.813624668811356e+02, 2.405000000000000e+02, 0.000000000000e+00, 0.000000000000e+00, 0.000000000000e+00, 1.000000000000e+00, 0.000000000000e+00]
